[[[255 255 255]
  [255 255 255]
  [255 255 255]
  ..., 
  [255 255 255]
  [255 255 255]
  [255 255 255]]

 [[255 255 255]
  [251 251 251]
  [226 226 226]
  ..., 
  [231 231 231]
  [231 231 231]
  [254 254 254]]

 [[255 255 255]
  [226 226 226]
  [ 22  22  22]
  ..., 
  [ 63  63  63]
  [ 66  66  66]
  [247 247 247]]

 ..., 
 [[255 255 255]
  [228 228 228]
  [ 35  35  35]
  ..., 
  [ 43  43  43]
  [ 49  49  49]
  [246 246 246]]

 [[255 255 255]
  [226 226 226]
  [ 21  21  21]
  ..., 
  [ 20  20  20]
  [ 25  25  25]
  [245 245 245]]

 [[255 255 255]
  [254 254 254]
  [245 245 245]
  ..., 
  [245 245 245]
  [245 245 245]
  [254 254 254]]]
